./push_swap "3 2 1 5 6 4" -> 27 (with break) -> 25

./push_swap "137 60 4 21 118 75 108 89 14 83 123 36 87 25 115 139 129 143 147 48 10 103 74 13 130 46 52 29 71 26 55 100 132 93 11 44 42 43 5 16 24 73 110 133 20 142 51 66 9 28 141 67 38 57 116 1 63 122 104 3 53 76 80 88 0 72 79 113 18 148 30 54 2 135 31 138 59 82 98 119 61 81 37 95 101 49 117 56 12 45 84 146 131 105 140 94 114 77 102 120" (with breaks) -> 1111

310 282 400 627 26 381 646 61 104 458 56 128 31 30 10 553 612 687 597 348 506 53 456 658 418 126 75 662 65 48 699 411 141 692 643 625 351 258 416 500 451 421 384 296 489 669 186 225 362 300 140 292 211 481 672 220 330 596 277 468 67 588 34 333 476 520 158 110 412 183 37 2 106 76 218 15 679 237 38 1 540 557 426 514 94 345 267 661 689 491 156 271 513 439 169 433 624 275 268 465 527 234 43 401 21 415 49 616 44 521 469 134 599 102 125 100 284 532 164 208 335 358 241 569 184 437 246 496 541 573 197 464 582 460 279 308 192 299 406 683 113 290 610 398 503 390 570 41 393 347 518 427 215 677 591 509 36 214 145 19 368 671 60 309 270 534 635 442 431 52 602 665 408 97 11 16 170 392 262 298 425 147 515 459 12 213 429 663 595 681 654 195 46 28 537 231 286 171 452 589 291 228 168 623 349 655 204 698 331 593 508 502 446 201 410 81 206 414 29 619 74 88 528 488 50 69 604 668 89 119 559 519 370 364 161 325 583 533 287 373 105 63 243 530 199 24 259 152 380 554 664 470 448 462 419 455 581 574 84 160 321 585 255 189 586 613 538 232 78 558 239 190 565 193 640 629 453 165 295 294 191 556 58 682 248 322 477 486 346 555 187 567 317 523 266 235 124 501 375 132 223 482 608 352 576 326 138 337 185 399 379 637 461 217 72 312 648 178 691 673 359 590 562 525 457 179 273 142 535 357 690 8 303 561 111 382 618 350 130 226 244 365 657 650 423 545 645 289 71 127 695 137 3 92 245 261 70 253 607 367 172 149 542 83 675 543 356 9 638 549 435 353 391 371 339 342 355 51 256 560 372 224 54 386 659 517 510 407 495 467 343 212 39 227 656 45 219 314 304 636 177 344 62 260 377 99 438 131 159 320 547 112 153 280 334 20 667 23 387 605 263 632 116 96 324 479 529 238 283 80 148 404 652 563 571 397 251 614 536 247 151 182 539 617 17 485 653 678 107 684 434 568 6 288 639 450 315 55 123 526 396 175 394 363 167 550 420 620 47 424 82 163 409 572 430 633 66 57 155 135 478 600 405 205 592 118 13 531 483 615 173 492 278 361 649 122 603 5 628 154


1 2 3 4 ok
1 2 4 3 ok
1 3 2 4*
1 3 4 2 ok
1 4 2 3 ok
1 4 3 2 ok 
2 1 3 4 ok
2 1 4 3 ok
2 3 1 4 ok
2 3 4 1 ok
2 4 1 3 ok 
2 4 3 1 ok
3 1 2 4 ok
3 1 4 2* 
3 2 1 4 ok
3 2 4 1 ok
3 4 1 2 ok  
3 4 2 1*
4 1 2 3 ok
4 1 3 2 ok
4 2 1 3 ok 
4 2 3 1 ok
4 3 1 2 ok  
4 3 2 1*

